{
 "cells": [
  {
   "cell_type": "markdown",
   "metadata": {},
   "source": [
    "# Financial Statements\n",
    "- **Reference**: https://site.financialmodelingprep.com/developer/docs#income-statements-financial-statements"
   ]
  },
  {
   "cell_type": "markdown",
   "metadata": {},
   "source": [
    "## Step 1: Import Libraries"
   ]
  },
  {
   "cell_type": "code",
   "execution_count": 1,
   "metadata": {
    "execution": {
<<<<<<< HEAD
     "iopub.execute_input": "2025-01-17T11:49:18.586852Z",
     "iopub.status.busy": "2025-01-17T11:49:18.586422Z",
     "iopub.status.idle": "2025-01-17T11:49:18.651698Z",
     "shell.execute_reply": "2025-01-17T11:49:18.651096Z"
=======
     "iopub.execute_input": "2025-01-17T11:58:14.996547Z",
     "iopub.status.busy": "2025-01-17T11:58:14.996261Z",
     "iopub.status.idle": "2025-01-17T11:58:15.052898Z",
     "shell.execute_reply": "2025-01-17T11:58:15.052326Z"
>>>>>>> 3989e81 (Notebooks Update)
    }
   },
   "outputs": [],
   "source": [
    "%run ../make_clean_names.py"
   ]
  },
  {
   "cell_type": "code",
   "execution_count": 2,
   "metadata": {
    "execution": {
<<<<<<< HEAD
     "iopub.execute_input": "2025-01-17T11:49:18.654295Z",
     "iopub.status.busy": "2025-01-17T11:49:18.653854Z",
     "iopub.status.idle": "2025-01-17T11:49:18.727491Z",
     "shell.execute_reply": "2025-01-17T11:49:18.727000Z"
=======
     "iopub.execute_input": "2025-01-17T11:58:15.056772Z",
     "iopub.status.busy": "2025-01-17T11:58:15.056322Z",
     "iopub.status.idle": "2025-01-17T11:58:15.117311Z",
     "shell.execute_reply": "2025-01-17T11:58:15.116175Z"
>>>>>>> 3989e81 (Notebooks Update)
    }
   },
   "outputs": [],
   "source": [
    "import concurrent.futures\n",
    "from concurrent.futures import ThreadPoolExecutor\n",
    "import requests\n",
    "from requests.adapters import HTTPAdapter\n",
    "from urllib3.util.retry import Retry\n",
    "import logging\n",
    "\n",
    "import polars as pl\n",
    "from datetime import datetime, timedelta\n",
    "from dotenv import load_dotenv\n",
    "import os\n",
    "\n",
    "# Load environment variables\n",
    "load_dotenv()\n",
    "\n",
    "logging.basicConfig(level=logging.INFO)\n",
    "logger = logging.getLogger(__name__)\n",
    "\n",
    "def create_session():\n",
    "    session = requests.Session()\n",
    "    retries = Retry(\n",
    "        total=3,\n",
    "        backoff_factor=1,\n",
    "        status_forcelist=[429, 500, 502, 503, 504]\n",
    "    )\n",
    "    session.mount('https://', HTTPAdapter(max_retries=retries, pool_maxsize=10))\n",
    "    return session\n",
    "\n",
    "# Get API key from environment variables\n",
    "FMP_API_KEY = os.getenv('FMP_API_KEY')\n",
    "if not FMP_API_KEY:\n",
    "    raise ValueError(\"FMP_API_KEY not found in environment variables\")"
   ]
  },
  {
   "cell_type": "markdown",
   "metadata": {},
   "source": [
    "## Step 2: Import Symbols"
   ]
  },
  {
   "cell_type": "code",
   "execution_count": 3,
   "metadata": {
    "execution": {
<<<<<<< HEAD
     "iopub.execute_input": "2025-01-17T11:49:18.729791Z",
     "iopub.status.busy": "2025-01-17T11:49:18.729438Z",
     "iopub.status.idle": "2025-01-17T11:49:18.734440Z",
     "shell.execute_reply": "2025-01-17T11:49:18.733808Z"
=======
     "iopub.execute_input": "2025-01-17T11:58:15.119374Z",
     "iopub.status.busy": "2025-01-17T11:58:15.119086Z",
     "iopub.status.idle": "2025-01-17T11:58:15.125697Z",
     "shell.execute_reply": "2025-01-17T11:58:15.123964Z"
>>>>>>> 3989e81 (Notebooks Update)
    }
   },
   "outputs": [
    {
     "name": "stdout",
     "output_type": "stream",
     "text": [
      "Loaded 60 symbols from ../tickers.txt\n",
      "Symbols: ['AAPL', 'MSFT', 'GOOGL', 'GOOG', 'META', 'NVDA', 'AVGO', 'ORCL', 'CRM', 'ACN', 'ADBE', 'CSCO', 'INTC', 'NFLX', 'DIS', 'CMCSA', 'VZ', 'T', 'AMZN', 'TSLA', 'HD', 'MCD', 'NKE', 'SBUX', 'TGT', 'LOW', 'WMT', 'PG', 'KO', 'PEP', 'COST', 'BRK-B', 'JPM', 'BAC', 'WFC', 'GS', 'MS', 'BLK', 'UNH', 'JNJ', 'PFE', 'ABBV', 'MRK', 'LLY', 'CAT', 'BA', 'HON', 'UPS', 'RTX', 'GE', 'XOM', 'CVX', 'COP', 'SLB', 'LIN', 'APD', 'ECL', 'PLD', 'AMT', 'CCI']\n"
     ]
    }
   ],
   "source": [
    "def load_symbols(file_path: str) -> List[str]:\n",
    "    \"\"\"Load symbols from a text file\"\"\"\n",
    "    try:\n",
    "        with open(file_path, 'r') as f:\n",
    "            symbols = [line.strip() for line in f if line.strip()]\n",
    "        print(f\"Loaded {len(symbols)} symbols from {file_path}\")\n",
    "        return symbols\n",
    "    except Exception as e:\n",
    "        print(f\"Error loading symbols: {str(e)}\")\n",
    "        return []\n",
    "\n",
    "symbols_file = '../tickers.txt'\n",
    "symbols = load_symbols(symbols_file)\n",
    "\n",
    "if symbols:\n",
    "    print(\"Symbols:\", symbols)\n",
    "else:\n",
    "    print(\"No symbols loaded.\")"
   ]
  },
  {
   "cell_type": "markdown",
   "metadata": {},
   "source": [
    "## **Income Statement**"
   ]
  },
  {
   "cell_type": "code",
   "execution_count": 4,
   "metadata": {
    "execution": {
<<<<<<< HEAD
     "iopub.execute_input": "2025-01-17T11:49:18.772418Z",
     "iopub.status.busy": "2025-01-17T11:49:18.771928Z",
     "iopub.status.idle": "2025-01-17T11:49:19.036805Z",
     "shell.execute_reply": "2025-01-17T11:49:19.036221Z"
=======
     "iopub.execute_input": "2025-01-17T11:58:15.152387Z",
     "iopub.status.busy": "2025-01-17T11:58:15.152092Z",
     "iopub.status.idle": "2025-01-17T11:58:16.454126Z",
     "shell.execute_reply": "2025-01-17T11:58:16.453166Z"
>>>>>>> 3989e81 (Notebooks Update)
    }
   },
   "outputs": [],
   "source": [
    "def fetch_data(symbol: str, api_key: str, session: requests.Session) -> Dict:\n",
    "    \"\"\"Fetch company profile data from FMP API\"\"\"\n",
    "    url = f\"https://financialmodelingprep.com/api/v3/income-statement/{symbol}\"\n",
    "    params = {\"apikey\": api_key,\n",
    "              \"period\": \"annual\"}\n",
    "\n",
    "    try:\n",
    "        response = session.get(url, params=params, timeout=10)\n",
    "        response.raise_for_status()\n",
    "        return response.json()\n",
    "    except Exception as e:\n",
    "        logger.error(f\"Error fetching {symbol}: {str(e)}\")\n",
    "        return None\n",
    "\n",
    "def fetch_all_data(symbols: List[str], api_key: str) -> List[Dict]:\n",
    "    session = create_session()\n",
    "    \n",
    "    with ThreadPoolExecutor(max_workers=10) as executor:\n",
    "        futures = [\n",
    "            executor.submit(fetch_data, symbol, api_key, session)\n",
    "            for symbol in symbols\n",
    "        ]\n",
    "        results = [\n",
    "            f.result() for f in concurrent.futures.as_completed(futures)\n",
    "        ]\n",
    "    \n",
    "    return [r[0] for r in results if r and isinstance(r, list)]\n",
    "\n",
    "# Execute fetching\n",
    "data = fetch_all_data(symbols, FMP_API_KEY)\n",
    "\n",
    "# Convert to Polars DataFrame more efficiently\n",
    "if data:\n",
    "    df = pl.DataFrame(data)"
   ]
  },
  {
   "cell_type": "code",
   "execution_count": 5,
   "metadata": {
    "execution": {
<<<<<<< HEAD
     "iopub.execute_input": "2025-01-17T11:49:19.039221Z",
     "iopub.status.busy": "2025-01-17T11:49:19.038907Z",
     "iopub.status.idle": "2025-01-17T11:49:19.044177Z",
     "shell.execute_reply": "2025-01-17T11:49:19.043601Z"
=======
     "iopub.execute_input": "2025-01-17T11:58:16.456364Z",
     "iopub.status.busy": "2025-01-17T11:58:16.456055Z",
     "iopub.status.idle": "2025-01-17T11:58:16.460153Z",
     "shell.execute_reply": "2025-01-17T11:58:16.459511Z"
>>>>>>> 3989e81 (Notebooks Update)
    }
   },
   "outputs": [],
   "source": [
    "df = make_clean_names(df)"
   ]
  },
  {
   "cell_type": "code",
   "execution_count": 6,
   "metadata": {
    "execution": {
<<<<<<< HEAD
     "iopub.execute_input": "2025-01-17T11:49:19.046050Z",
     "iopub.status.busy": "2025-01-17T11:49:19.045718Z",
     "iopub.status.idle": "2025-01-17T11:49:19.052006Z",
     "shell.execute_reply": "2025-01-17T11:49:19.051437Z"
=======
     "iopub.execute_input": "2025-01-17T11:58:16.462128Z",
     "iopub.status.busy": "2025-01-17T11:58:16.461586Z",
     "iopub.status.idle": "2025-01-17T11:58:16.477772Z",
     "shell.execute_reply": "2025-01-17T11:58:16.477027Z"
>>>>>>> 3989e81 (Notebooks Update)
    }
   },
   "outputs": [],
   "source": [
    "output_dir = \"../../../data/finance\"\n",
    "\n",
    "# Write DataFrame to Parquet\n",
    "df.write_parquet(f'{output_dir}/company_income_statement.parquet')"
   ]
  },
  {
   "cell_type": "code",
   "execution_count": 7,
   "metadata": {
    "execution": {
<<<<<<< HEAD
     "iopub.execute_input": "2025-01-17T11:49:19.054051Z",
     "iopub.status.busy": "2025-01-17T11:49:19.053678Z",
     "iopub.status.idle": "2025-01-17T11:49:19.062179Z",
     "shell.execute_reply": "2025-01-17T11:49:19.061627Z"
=======
     "iopub.execute_input": "2025-01-17T11:58:16.479547Z",
     "iopub.status.busy": "2025-01-17T11:58:16.479375Z",
     "iopub.status.idle": "2025-01-17T11:58:16.487183Z",
     "shell.execute_reply": "2025-01-17T11:58:16.486721Z"
>>>>>>> 3989e81 (Notebooks Update)
    }
   },
   "outputs": [
    {
     "data": {
      "text/html": [
       "<div><style>\n",
       ".dataframe > thead > tr,\n",
       ".dataframe > tbody > tr {\n",
       "  text-align: right;\n",
       "  white-space: pre-wrap;\n",
       "}\n",
       "</style>\n",
<<<<<<< HEAD
       "<small>shape: (5, 38)</small><table border=\"1\" class=\"dataframe\"><thead><tr><th>date</th><th>symbol</th><th>reported_currency</th><th>cik</th><th>filling_date</th><th>accepted_date</th><th>calendar_year</th><th>period</th><th>revenue</th><th>cost_of_revenue</th><th>gross_profit</th><th>gross_profit_ratio</th><th>research_and_development_expenses</th><th>general_and_administrative_expenses</th><th>selling_and_marketing_expenses</th><th>selling_general_and_administrative_expenses</th><th>other_expenses</th><th>operating_expenses</th><th>cost_and_expenses</th><th>interest_income</th><th>interest_expense</th><th>depreciation_and_amortization</th><th>ebitda</th><th>ebitdaratio</th><th>operating_income</th><th>operating_income_ratio</th><th>total_other_income_expenses_net</th><th>income_before_tax</th><th>income_before_tax_ratio</th><th>income_tax_expense</th><th>net_income</th><th>net_income_ratio</th><th>eps</th><th>epsdiluted</th><th>weighted_average_shs_out</th><th>weighted_average_shs_out_dil</th><th>link</th><th>final_link</th></tr><tr><td>str</td><td>str</td><td>str</td><td>str</td><td>str</td><td>str</td><td>str</td><td>str</td><td>i64</td><td>i64</td><td>i64</td><td>f64</td><td>i64</td><td>i64</td><td>i64</td><td>i64</td><td>i64</td><td>i64</td><td>i64</td><td>i64</td><td>i64</td><td>i64</td><td>i64</td><td>f64</td><td>i64</td><td>f64</td><td>i64</td><td>i64</td><td>f64</td><td>i64</td><td>i64</td><td>f64</td><td>f64</td><td>f64</td><td>i64</td><td>i64</td><td>str</td><td>str</td></tr></thead><tbody><tr><td>&quot;2024-08-31&quot;</td><td>&quot;ACN&quot;</td><td>&quot;USD&quot;</td><td>&quot;0001467373&quot;</td><td>&quot;2024-10-10&quot;</td><td>&quot;2024-10-10 06:43:59&quot;</td><td>&quot;2024&quot;</td><td>&quot;FY&quot;</td><td>64896464000</td><td>43734147000</td><td>21162317000</td><td>0.326094</td><td>1150430000</td><td>4281316000</td><td>6846714000</td><td>11128030000</td><td>-711990000</td><td>11566470000</td><td>55300617000</td><td>272256000</td><td>58969000</td><td>1430042000</td><td>11188334000</td><td>0.172403</td><td>9595847000</td><td>0.147864</td><td>103476000</td><td>9699323000</td><td>0.149458</td><td>2280126000</td><td>7264787000</td><td>0.111944</td><td>11.58</td><td>11.44</td><td>627852613</td><td>635940044</td><td>&quot;https://www.sec.gov/Archives/e…</td><td>&quot;https://www.sec.gov/Archives/e…</td></tr><tr><td>&quot;2023-12-31&quot;</td><td>&quot;META&quot;</td><td>&quot;USD&quot;</td><td>&quot;0001326801&quot;</td><td>&quot;2024-02-02&quot;</td><td>&quot;2024-02-01 19:39:02&quot;</td><td>&quot;2023&quot;</td><td>&quot;FY&quot;</td><td>134902000000</td><td>25959000000</td><td>108943000000</td><td>0.807571</td><td>38483000000</td><td>11408000000</td><td>12301000000</td><td>23709000000</td><td>0</td><td>62192000000</td><td>88151000000</td><td>1639000000</td><td>446000000</td><td>11178000000</td><td>59052000000</td><td>0.43774</td><td>46751000000</td><td>0.346555</td><td>677000000</td><td>47428000000</td><td>0.351574</td><td>8330000000</td><td>39098000000</td><td>0.289825</td><td>15.19</td><td>14.87</td><td>2574000000</td><td>2629000000</td><td>&quot;https://www.sec.gov/Archives/e…</td><td>&quot;https://www.sec.gov/Archives/e…</td></tr><tr><td>&quot;2024-11-03&quot;</td><td>&quot;AVGO&quot;</td><td>&quot;USD&quot;</td><td>&quot;0001730168&quot;</td><td>&quot;2024-12-20&quot;</td><td>&quot;2024-12-20 17:26:46&quot;</td><td>&quot;2024&quot;</td><td>&quot;FY&quot;</td><td>51574000000</td><td>19065000000</td><td>32509000000</td><td>0.630337</td><td>9310000000</td><td>0</td><td>0</td><td>4959000000</td><td>4777000000</td><td>19046000000</td><td>38111000000</td><td>304000000</td><td>3796000000</td><td>10010000000</td><td>23722000000</td><td>0.45996</td><td>13463000000</td><td>0.261042</td><td>-3547000000</td><td>9916000000</td><td>0.192267</td><td>3748000000</td><td>5895000000</td><td>0.114302</td><td>1.33</td><td>1.29</td><td>4624000000</td><td>4778000000</td><td>&quot;https://www.sec.gov/Archives/e…</td><td>&quot;https://www.sec.gov/Archives/e…</td></tr><tr><td>&quot;2024-01-31&quot;</td><td>&quot;CRM&quot;</td><td>&quot;USD&quot;</td><td>&quot;0001108524&quot;</td><td>&quot;2024-03-06&quot;</td><td>&quot;2024-03-06 16:32:48&quot;</td><td>&quot;2024&quot;</td><td>&quot;FY&quot;</td><td>34857000000</td><td>8541000000</td><td>26316000000</td><td>0.75497</td><td>4906000000</td><td>2534000000</td><td>12877000000</td><td>15411000000</td><td>0</td><td>20317000000</td><td>28858000000</td><td>0</td><td>0</td><td>3222000000</td><td>9221000000</td><td>0.264538</td><td>5011000000</td><td>0.143759</td><td>-61000000</td><td>4950000000</td><td>0.142009</td><td>814000000</td><td>4136000000</td><td>0.118656</td><td>4.25</td><td>4.2</td><td>974000000</td><td>984000000</td><td>&quot;https://www.sec.gov/Archives/e…</td><td>&quot;https://www.sec.gov/Archives/e…</td></tr><tr><td>&quot;2024-01-28&quot;</td><td>&quot;NVDA&quot;</td><td>&quot;USD&quot;</td><td>&quot;0001045810&quot;</td><td>&quot;2024-02-21&quot;</td><td>&quot;2024-02-21 16:36:57&quot;</td><td>&quot;2024&quot;</td><td>&quot;FY&quot;</td><td>60922000000</td><td>16621000000</td><td>44301000000</td><td>0.727176</td><td>8675000000</td><td>0</td><td>0</td><td>2654000000</td><td>0</td><td>11329000000</td><td>27950000000</td><td>866000000</td><td>257000000</td><td>1508000000</td><td>35583000000</td><td>0.584075</td><td>32972000000</td><td>0.541217</td><td>846000000</td><td>33818000000</td><td>0.555103</td><td>4058000000</td><td>29760000000</td><td>0.488493</td><td>1.21</td><td>1.19</td><td>24690000000</td><td>24940000000</td><td>&quot;https://www.sec.gov/Archives/e…</td><td>&quot;https://www.sec.gov/Archives/e…</td></tr></tbody></table></div>"
=======
       "<small>shape: (5, 38)</small><table border=\"1\" class=\"dataframe\"><thead><tr><th>date</th><th>symbol</th><th>reported_currency</th><th>cik</th><th>filling_date</th><th>accepted_date</th><th>calendar_year</th><th>period</th><th>revenue</th><th>cost_of_revenue</th><th>gross_profit</th><th>gross_profit_ratio</th><th>research_and_development_expenses</th><th>general_and_administrative_expenses</th><th>selling_and_marketing_expenses</th><th>selling_general_and_administrative_expenses</th><th>other_expenses</th><th>operating_expenses</th><th>cost_and_expenses</th><th>interest_income</th><th>interest_expense</th><th>depreciation_and_amortization</th><th>ebitda</th><th>ebitdaratio</th><th>operating_income</th><th>operating_income_ratio</th><th>total_other_income_expenses_net</th><th>income_before_tax</th><th>income_before_tax_ratio</th><th>income_tax_expense</th><th>net_income</th><th>net_income_ratio</th><th>eps</th><th>epsdiluted</th><th>weighted_average_shs_out</th><th>weighted_average_shs_out_dil</th><th>link</th><th>final_link</th></tr><tr><td>str</td><td>str</td><td>str</td><td>str</td><td>str</td><td>str</td><td>str</td><td>str</td><td>i64</td><td>i64</td><td>i64</td><td>f64</td><td>i64</td><td>i64</td><td>i64</td><td>i64</td><td>i64</td><td>i64</td><td>i64</td><td>i64</td><td>i64</td><td>i64</td><td>i64</td><td>f64</td><td>i64</td><td>f64</td><td>i64</td><td>i64</td><td>f64</td><td>i64</td><td>i64</td><td>f64</td><td>f64</td><td>f64</td><td>i64</td><td>i64</td><td>str</td><td>str</td></tr></thead><tbody><tr><td>&quot;2024-11-03&quot;</td><td>&quot;AVGO&quot;</td><td>&quot;USD&quot;</td><td>&quot;0001730168&quot;</td><td>&quot;2024-12-20&quot;</td><td>&quot;2024-12-20 17:26:46&quot;</td><td>&quot;2024&quot;</td><td>&quot;FY&quot;</td><td>51574000000</td><td>19065000000</td><td>32509000000</td><td>0.630337</td><td>9310000000</td><td>0</td><td>0</td><td>4959000000</td><td>4777000000</td><td>19046000000</td><td>38111000000</td><td>304000000</td><td>3796000000</td><td>10010000000</td><td>23722000000</td><td>0.45996</td><td>13463000000</td><td>0.261042</td><td>-3547000000</td><td>9916000000</td><td>0.192267</td><td>3748000000</td><td>5895000000</td><td>0.114302</td><td>1.33</td><td>1.29</td><td>4624000000</td><td>4778000000</td><td>&quot;https://www.sec.gov/Archives/e…</td><td>&quot;https://www.sec.gov/Archives/e…</td></tr><tr><td>&quot;2023-12-31&quot;</td><td>&quot;META&quot;</td><td>&quot;USD&quot;</td><td>&quot;0001326801&quot;</td><td>&quot;2024-02-02&quot;</td><td>&quot;2024-02-01 19:39:02&quot;</td><td>&quot;2023&quot;</td><td>&quot;FY&quot;</td><td>134902000000</td><td>25959000000</td><td>108943000000</td><td>0.807571</td><td>38483000000</td><td>11408000000</td><td>12301000000</td><td>23709000000</td><td>0</td><td>62192000000</td><td>88151000000</td><td>1639000000</td><td>446000000</td><td>11178000000</td><td>59052000000</td><td>0.43774</td><td>46751000000</td><td>0.346555</td><td>677000000</td><td>47428000000</td><td>0.351574</td><td>8330000000</td><td>39098000000</td><td>0.289825</td><td>15.19</td><td>14.87</td><td>2574000000</td><td>2629000000</td><td>&quot;https://www.sec.gov/Archives/e…</td><td>&quot;https://www.sec.gov/Archives/e…</td></tr><tr><td>&quot;2024-01-28&quot;</td><td>&quot;NVDA&quot;</td><td>&quot;USD&quot;</td><td>&quot;0001045810&quot;</td><td>&quot;2024-02-21&quot;</td><td>&quot;2024-02-21 16:36:57&quot;</td><td>&quot;2024&quot;</td><td>&quot;FY&quot;</td><td>60922000000</td><td>16621000000</td><td>44301000000</td><td>0.727176</td><td>8675000000</td><td>0</td><td>0</td><td>2654000000</td><td>0</td><td>11329000000</td><td>27950000000</td><td>866000000</td><td>257000000</td><td>1508000000</td><td>35583000000</td><td>0.584075</td><td>32972000000</td><td>0.541217</td><td>846000000</td><td>33818000000</td><td>0.555103</td><td>4058000000</td><td>29760000000</td><td>0.488493</td><td>1.21</td><td>1.19</td><td>24690000000</td><td>24940000000</td><td>&quot;https://www.sec.gov/Archives/e…</td><td>&quot;https://www.sec.gov/Archives/e…</td></tr><tr><td>&quot;2024-08-31&quot;</td><td>&quot;ACN&quot;</td><td>&quot;USD&quot;</td><td>&quot;0001467373&quot;</td><td>&quot;2024-10-10&quot;</td><td>&quot;2024-10-10 06:43:59&quot;</td><td>&quot;2024&quot;</td><td>&quot;FY&quot;</td><td>64896464000</td><td>43734147000</td><td>21162317000</td><td>0.326094</td><td>1150430000</td><td>4281316000</td><td>6846714000</td><td>11128030000</td><td>-711990000</td><td>11566470000</td><td>55300617000</td><td>272256000</td><td>58969000</td><td>1430042000</td><td>11188334000</td><td>0.172403</td><td>9595847000</td><td>0.147864</td><td>103476000</td><td>9699323000</td><td>0.149458</td><td>2280126000</td><td>7264787000</td><td>0.111944</td><td>11.58</td><td>11.44</td><td>627852613</td><td>635940044</td><td>&quot;https://www.sec.gov/Archives/e…</td><td>&quot;https://www.sec.gov/Archives/e…</td></tr><tr><td>&quot;2024-01-31&quot;</td><td>&quot;CRM&quot;</td><td>&quot;USD&quot;</td><td>&quot;0001108524&quot;</td><td>&quot;2024-03-06&quot;</td><td>&quot;2024-03-06 16:32:48&quot;</td><td>&quot;2024&quot;</td><td>&quot;FY&quot;</td><td>34857000000</td><td>8541000000</td><td>26316000000</td><td>0.75497</td><td>4906000000</td><td>2534000000</td><td>12877000000</td><td>15411000000</td><td>0</td><td>20317000000</td><td>28858000000</td><td>0</td><td>0</td><td>3222000000</td><td>9221000000</td><td>0.264538</td><td>5011000000</td><td>0.143759</td><td>-61000000</td><td>4950000000</td><td>0.142009</td><td>814000000</td><td>4136000000</td><td>0.118656</td><td>4.25</td><td>4.2</td><td>974000000</td><td>984000000</td><td>&quot;https://www.sec.gov/Archives/e…</td><td>&quot;https://www.sec.gov/Archives/e…</td></tr></tbody></table></div>"
>>>>>>> 3989e81 (Notebooks Update)
      ],
      "text/plain": [
       "shape: (5, 38)\n",
       "┌────────────┬────────┬────────────┬───────────┬───┬───────────┬───────────┬───────────┬───────────┐\n",
       "│ date       ┆ symbol ┆ reported_c ┆ cik       ┆ … ┆ weighted_ ┆ weighted_ ┆ link      ┆ final_lin │\n",
       "│ ---        ┆ ---    ┆ urrency    ┆ ---       ┆   ┆ average_s ┆ average_s ┆ ---       ┆ k         │\n",
       "│ str        ┆ str    ┆ ---        ┆ str       ┆   ┆ hs_out    ┆ hs_out_di ┆ str       ┆ ---       │\n",
       "│            ┆        ┆ str        ┆           ┆   ┆ ---       ┆ l         ┆           ┆ str       │\n",
       "│            ┆        ┆            ┆           ┆   ┆ i64       ┆ ---       ┆           ┆           │\n",
       "│            ┆        ┆            ┆           ┆   ┆           ┆ i64       ┆           ┆           │\n",
       "╞════════════╪════════╪════════════╪═══════════╪═══╪═══════════╪═══════════╪═══════════╪═══════════╡\n",
<<<<<<< HEAD
       "│ 2024-08-31 ┆ ACN    ┆ USD        ┆ 000146737 ┆ … ┆ 627852613 ┆ 635940044 ┆ https://w ┆ https://w │\n",
       "│            ┆        ┆            ┆ 3         ┆   ┆           ┆           ┆ ww.sec.go ┆ ww.sec.go │\n",
=======
       "│ 2024-11-03 ┆ AVGO   ┆ USD        ┆ 000173016 ┆ … ┆ 462400000 ┆ 477800000 ┆ https://w ┆ https://w │\n",
       "│            ┆        ┆            ┆ 8         ┆   ┆ 0         ┆ 0         ┆ ww.sec.go ┆ ww.sec.go │\n",
>>>>>>> 3989e81 (Notebooks Update)
       "│            ┆        ┆            ┆           ┆   ┆           ┆           ┆ v/Archive ┆ v/Archive │\n",
       "│            ┆        ┆            ┆           ┆   ┆           ┆           ┆ s/e…      ┆ s/e…      │\n",
       "│ 2023-12-31 ┆ META   ┆ USD        ┆ 000132680 ┆ … ┆ 257400000 ┆ 262900000 ┆ https://w ┆ https://w │\n",
       "│            ┆        ┆            ┆ 1         ┆   ┆ 0         ┆ 0         ┆ ww.sec.go ┆ ww.sec.go │\n",
       "│            ┆        ┆            ┆           ┆   ┆           ┆           ┆ v/Archive ┆ v/Archive │\n",
       "│            ┆        ┆            ┆           ┆   ┆           ┆           ┆ s/e…      ┆ s/e…      │\n",
<<<<<<< HEAD
       "│ 2024-11-03 ┆ AVGO   ┆ USD        ┆ 000173016 ┆ … ┆ 462400000 ┆ 477800000 ┆ https://w ┆ https://w │\n",
       "│            ┆        ┆            ┆ 8         ┆   ┆ 0         ┆ 0         ┆ ww.sec.go ┆ ww.sec.go │\n",
       "│            ┆        ┆            ┆           ┆   ┆           ┆           ┆ v/Archive ┆ v/Archive │\n",
       "│            ┆        ┆            ┆           ┆   ┆           ┆           ┆ s/e…      ┆ s/e…      │\n",
       "│ 2024-01-31 ┆ CRM    ┆ USD        ┆ 000110852 ┆ … ┆ 974000000 ┆ 984000000 ┆ https://w ┆ https://w │\n",
       "│            ┆        ┆            ┆ 4         ┆   ┆           ┆           ┆ ww.sec.go ┆ ww.sec.go │\n",
       "│            ┆        ┆            ┆           ┆   ┆           ┆           ┆ v/Archive ┆ v/Archive │\n",
       "│            ┆        ┆            ┆           ┆   ┆           ┆           ┆ s/e…      ┆ s/e…      │\n",
       "│ 2024-01-28 ┆ NVDA   ┆ USD        ┆ 000104581 ┆ … ┆ 246900000 ┆ 249400000 ┆ https://w ┆ https://w │\n",
       "│            ┆        ┆            ┆ 0         ┆   ┆ 00        ┆ 00        ┆ ww.sec.go ┆ ww.sec.go │\n",
=======
       "│ 2024-01-28 ┆ NVDA   ┆ USD        ┆ 000104581 ┆ … ┆ 246900000 ┆ 249400000 ┆ https://w ┆ https://w │\n",
       "│            ┆        ┆            ┆ 0         ┆   ┆ 00        ┆ 00        ┆ ww.sec.go ┆ ww.sec.go │\n",
       "│            ┆        ┆            ┆           ┆   ┆           ┆           ┆ v/Archive ┆ v/Archive │\n",
       "│            ┆        ┆            ┆           ┆   ┆           ┆           ┆ s/e…      ┆ s/e…      │\n",
       "│ 2024-08-31 ┆ ACN    ┆ USD        ┆ 000146737 ┆ … ┆ 627852613 ┆ 635940044 ┆ https://w ┆ https://w │\n",
       "│            ┆        ┆            ┆ 3         ┆   ┆           ┆           ┆ ww.sec.go ┆ ww.sec.go │\n",
       "│            ┆        ┆            ┆           ┆   ┆           ┆           ┆ v/Archive ┆ v/Archive │\n",
       "│            ┆        ┆            ┆           ┆   ┆           ┆           ┆ s/e…      ┆ s/e…      │\n",
       "│ 2024-01-31 ┆ CRM    ┆ USD        ┆ 000110852 ┆ … ┆ 974000000 ┆ 984000000 ┆ https://w ┆ https://w │\n",
       "│            ┆        ┆            ┆ 4         ┆   ┆           ┆           ┆ ww.sec.go ┆ ww.sec.go │\n",
>>>>>>> 3989e81 (Notebooks Update)
       "│            ┆        ┆            ┆           ┆   ┆           ┆           ┆ v/Archive ┆ v/Archive │\n",
       "│            ┆        ┆            ┆           ┆   ┆           ┆           ┆ s/e…      ┆ s/e…      │\n",
       "└────────────┴────────┴────────────┴───────────┴───┴───────────┴───────────┴───────────┴───────────┘"
      ]
     },
     "execution_count": 7,
     "metadata": {},
     "output_type": "execute_result"
    }
   ],
   "source": [
    "pl.scan_parquet(f'{output_dir}/company_income_statement.parquet').head().collect()"
   ]
  },
  {
   "cell_type": "markdown",
   "metadata": {},
   "source": [
    "## **Balance Sheet**"
   ]
  },
  {
   "cell_type": "code",
   "execution_count": 8,
   "metadata": {
    "execution": {
<<<<<<< HEAD
     "iopub.execute_input": "2025-01-17T11:49:19.063942Z",
     "iopub.status.busy": "2025-01-17T11:49:19.063767Z",
     "iopub.status.idle": "2025-01-17T11:49:19.324198Z",
     "shell.execute_reply": "2025-01-17T11:49:19.323708Z"
=======
     "iopub.execute_input": "2025-01-17T11:58:16.489099Z",
     "iopub.status.busy": "2025-01-17T11:58:16.488850Z",
     "iopub.status.idle": "2025-01-17T11:58:18.464450Z",
     "shell.execute_reply": "2025-01-17T11:58:18.463925Z"
>>>>>>> 3989e81 (Notebooks Update)
    }
   },
   "outputs": [],
   "source": [
    "def fetch_data(symbol: str, api_key: str, session: requests.Session) -> Dict:\n",
    "    \"\"\"Fetch company profile data from FMP API\"\"\"\n",
    "    url = f\"https://financialmodelingprep.com/api/v3/balance-sheet-statement/{symbol}\"\n",
    "    params = {\"apikey\": api_key,\n",
    "              \"period\": \"annual\"}\n",
    "\n",
    "    try:\n",
    "        response = session.get(url, params=params, timeout=10)\n",
    "        response.raise_for_status()\n",
    "        return response.json()\n",
    "    except Exception as e:\n",
    "        logger.error(f\"Error fetching {symbol}: {str(e)}\")\n",
    "        return None\n",
    "\n",
    "def fetch_all_data(symbols: List[str], api_key: str) -> List[Dict]:\n",
    "    session = create_session()\n",
    "    \n",
    "    with ThreadPoolExecutor(max_workers=10) as executor:\n",
    "        futures = [\n",
    "            executor.submit(fetch_data, symbol, api_key, session)\n",
    "            for symbol in symbols\n",
    "        ]\n",
    "        results = [\n",
    "            f.result() for f in concurrent.futures.as_completed(futures)\n",
    "        ]\n",
    "    \n",
    "    return [r[0] for r in results if r and isinstance(r, list)]\n",
    "\n",
    "# Execute fetching\n",
    "data = fetch_all_data(symbols, FMP_API_KEY)\n",
    "\n",
    "# Convert to Polars DataFrame more efficiently\n",
    "if data:\n",
    "    df = pl.DataFrame(data)"
   ]
  },
  {
   "cell_type": "code",
   "execution_count": 9,
   "metadata": {
    "execution": {
<<<<<<< HEAD
     "iopub.execute_input": "2025-01-17T11:49:19.326516Z",
     "iopub.status.busy": "2025-01-17T11:49:19.326222Z",
     "iopub.status.idle": "2025-01-17T11:49:19.330073Z",
     "shell.execute_reply": "2025-01-17T11:49:19.329509Z"
=======
     "iopub.execute_input": "2025-01-17T11:58:18.467275Z",
     "iopub.status.busy": "2025-01-17T11:58:18.467080Z",
     "iopub.status.idle": "2025-01-17T11:58:18.471231Z",
     "shell.execute_reply": "2025-01-17T11:58:18.470684Z"
>>>>>>> 3989e81 (Notebooks Update)
    }
   },
   "outputs": [],
   "source": [
    "df = make_clean_names(df)"
   ]
  },
  {
   "cell_type": "code",
   "execution_count": 10,
   "metadata": {
    "execution": {
<<<<<<< HEAD
     "iopub.execute_input": "2025-01-17T11:49:19.331878Z",
     "iopub.status.busy": "2025-01-17T11:49:19.331482Z",
     "iopub.status.idle": "2025-01-17T11:49:19.336154Z",
     "shell.execute_reply": "2025-01-17T11:49:19.335704Z"
=======
     "iopub.execute_input": "2025-01-17T11:58:18.473278Z",
     "iopub.status.busy": "2025-01-17T11:58:18.473099Z",
     "iopub.status.idle": "2025-01-17T11:58:18.478735Z",
     "shell.execute_reply": "2025-01-17T11:58:18.478229Z"
>>>>>>> 3989e81 (Notebooks Update)
    }
   },
   "outputs": [],
   "source": [
    "output_dir = \"../../../data/finance\"\n",
    "\n",
    "# Write DataFrame to Parquet\n",
    "df.write_parquet(f'{output_dir}/company_balance_sheet.parquet')"
   ]
  },
  {
   "cell_type": "code",
   "execution_count": 11,
   "metadata": {
    "execution": {
<<<<<<< HEAD
     "iopub.execute_input": "2025-01-17T11:49:19.338074Z",
     "iopub.status.busy": "2025-01-17T11:49:19.337519Z",
     "iopub.status.idle": "2025-01-17T11:49:19.344317Z",
     "shell.execute_reply": "2025-01-17T11:49:19.343785Z"
=======
     "iopub.execute_input": "2025-01-17T11:58:18.480471Z",
     "iopub.status.busy": "2025-01-17T11:58:18.480197Z",
     "iopub.status.idle": "2025-01-17T11:58:18.488782Z",
     "shell.execute_reply": "2025-01-17T11:58:18.488171Z"
>>>>>>> 3989e81 (Notebooks Update)
    }
   },
   "outputs": [
    {
     "data": {
      "text/html": [
       "<div><style>\n",
       ".dataframe > thead > tr,\n",
       ".dataframe > tbody > tr {\n",
       "  text-align: right;\n",
       "  white-space: pre-wrap;\n",
       "}\n",
       "</style>\n",
<<<<<<< HEAD
       "<small>shape: (5, 54)</small><table border=\"1\" class=\"dataframe\"><thead><tr><th>date</th><th>symbol</th><th>reported_currency</th><th>cik</th><th>filling_date</th><th>accepted_date</th><th>calendar_year</th><th>period</th><th>cash_and_cash_equivalents</th><th>short_term_investments</th><th>cash_and_short_term_investments</th><th>net_receivables</th><th>inventory</th><th>other_current_assets</th><th>total_current_assets</th><th>property_plant_equipment_net</th><th>goodwill</th><th>intangible_assets</th><th>goodwill_and_intangible_assets</th><th>long_term_investments</th><th>tax_assets</th><th>other_non_current_assets</th><th>total_non_current_assets</th><th>other_assets</th><th>total_assets</th><th>account_payables</th><th>short_term_debt</th><th>tax_payables</th><th>deferred_revenue</th><th>other_current_liabilities</th><th>total_current_liabilities</th><th>long_term_debt</th><th>deferred_revenue_non_current</th><th>deferred_tax_liabilities_non_current</th><th>other_non_current_liabilities</th><th>total_non_current_liabilities</th><th>other_liabilities</th><th>capital_lease_obligations</th><th>total_liabilities</th><th>preferred_stock</th><th>common_stock</th><th>retained_earnings</th><th>accumulated_other_comprehensive_income_loss</th><th>othertotal_stockholders_equity</th><th>total_stockholders_equity</th><th>total_equity</th><th>total_liabilities_and_stockholders_equity</th><th>minority_interest</th><th>total_liabilities_and_total_equity</th><th>total_investments</th><th>total_debt</th><th>net_debt</th><th>link</th><th>final_link</th></tr><tr><td>str</td><td>str</td><td>str</td><td>str</td><td>str</td><td>str</td><td>str</td><td>str</td><td>i64</td><td>i64</td><td>i64</td><td>i64</td><td>i64</td><td>i64</td><td>i64</td><td>i64</td><td>i64</td><td>i64</td><td>i64</td><td>i64</td><td>i64</td><td>i64</td><td>i64</td><td>i64</td><td>i64</td><td>i64</td><td>i64</td><td>i64</td><td>i64</td><td>i64</td><td>i64</td><td>i64</td><td>i64</td><td>i64</td><td>i64</td><td>i64</td><td>i64</td><td>i64</td><td>i64</td><td>i64</td><td>i64</td><td>i64</td><td>i64</td><td>i64</td><td>i64</td><td>i64</td><td>i64</td><td>i64</td><td>i64</td><td>i64</td><td>i64</td><td>i64</td><td>str</td><td>str</td></tr></thead><tbody><tr><td>&quot;2024-11-03&quot;</td><td>&quot;AVGO&quot;</td><td>&quot;USD&quot;</td><td>&quot;0001730168&quot;</td><td>&quot;2024-12-20&quot;</td><td>&quot;2024-12-20 17:26:46&quot;</td><td>&quot;2024&quot;</td><td>&quot;FY&quot;</td><td>9348000000</td><td>0</td><td>9348000000</td><td>4416000000</td><td>1760000000</td><td>4071000000</td><td>19595000000</td><td>2521000000</td><td>97873000000</td><td>40583000000</td><td>138456000000</td><td>0</td><td>0</td><td>5073000000</td><td>146050000000</td><td>0</td><td>165645000000</td><td>1662000000</td><td>1271000000</td><td>0</td><td>0</td><td>13764000000</td><td>16697000000</td><td>66295000000</td><td>0</td><td>0</td><td>14975000000</td><td>81270000000</td><td>0</td><td>0</td><td>97967000000</td><td>0</td><td>5000000</td><td>0</td><td>207000000</td><td>67466000000</td><td>67678000000</td><td>67678000000</td><td>165645000000</td><td>0</td><td>165645000000</td><td>0</td><td>67566000000</td><td>58218000000</td><td>&quot;https://www.sec.gov/Archives/e…</td><td>&quot;https://www.sec.gov/Archives/e…</td></tr><tr><td>&quot;2023-12-31&quot;</td><td>&quot;META&quot;</td><td>&quot;USD&quot;</td><td>&quot;0001326801&quot;</td><td>&quot;2024-02-02&quot;</td><td>&quot;2024-02-01 19:39:02&quot;</td><td>&quot;2023&quot;</td><td>&quot;FY&quot;</td><td>41862000000</td><td>23541000000</td><td>65403000000</td><td>16169000000</td><td>0</td><td>3793000000</td><td>85365000000</td><td>109881000000</td><td>20654000000</td><td>788000000</td><td>21442000000</td><td>6141000000</td><td>0</td><td>6794000000</td><td>144258000000</td><td>0</td><td>229623000000</td><td>4849000000</td><td>1623000000</td><td>3655000000</td><td>0</td><td>21833000000</td><td>31960000000</td><td>35611000000</td><td>0</td><td>0</td><td>8884000000</td><td>44495000000</td><td>0</td><td>18849000000</td><td>76455000000</td><td>0</td><td>0</td><td>82070000000</td><td>-2155000000</td><td>73253000000</td><td>153168000000</td><td>153168000000</td><td>229623000000</td><td>0</td><td>229623000000</td><td>29682000000</td><td>37234000000</td><td>-4628000000</td><td>&quot;https://www.sec.gov/Archives/e…</td><td>&quot;https://www.sec.gov/Archives/e…</td></tr><tr><td>&quot;2023-12-31&quot;</td><td>&quot;GOOGL&quot;</td><td>&quot;USD&quot;</td><td>&quot;0001652044&quot;</td><td>&quot;2024-01-31&quot;</td><td>&quot;2024-01-30 21:43:43&quot;</td><td>&quot;2023&quot;</td><td>&quot;FY&quot;</td><td>24048000000</td><td>86868000000</td><td>110916000000</td><td>47964000000</td><td>0</td><td>12650000000</td><td>171530000000</td><td>148436000000</td><td>29198000000</td><td>0</td><td>29198000000</td><td>31008000000</td><td>12169000000</td><td>10051000000</td><td>230862000000</td><td>0</td><td>402392000000</td><td>7493000000</td><td>2791000000</td><td>2748000000</td><td>4137000000</td><td>64645000000</td><td>81814000000</td><td>25350000000</td><td>911000000</td><td>485000000</td><td>10453000000</td><td>37199000000</td><td>0</td><td>16634000000</td><td>119013000000</td><td>0</td><td>76534000000</td><td>211247000000</td><td>-4402000000</td><td>0</td><td>283379000000</td><td>283379000000</td><td>402392000000</td><td>0</td><td>402392000000</td><td>117876000000</td><td>28504000000</td><td>4456000000</td><td>&quot;https://www.sec.gov/Archives/e…</td><td>&quot;https://www.sec.gov/Archives/e…</td></tr><tr><td>&quot;2024-01-28&quot;</td><td>&quot;NVDA&quot;</td><td>&quot;USD&quot;</td><td>&quot;0001045810&quot;</td><td>&quot;2024-02-21&quot;</td><td>&quot;2024-02-21 16:36:57&quot;</td><td>&quot;2024&quot;</td><td>&quot;FY&quot;</td><td>7280000000</td><td>18704000000</td><td>25984000000</td><td>9999000000</td><td>5282000000</td><td>3080000000</td><td>44345000000</td><td>5260000000</td><td>4430000000</td><td>1112000000</td><td>5542000000</td><td>1546000000</td><td>6081000000</td><td>2954000000</td><td>21383000000</td><td>0</td><td>65728000000</td><td>2699000000</td><td>1478000000</td><td>296000000</td><td>764000000</td><td>5394000000</td><td>10631000000</td><td>9578000000</td><td>573000000</td><td>462000000</td><td>1506000000</td><td>12119000000</td><td>0</td><td>1347000000</td><td>22750000000</td><td>0</td><td>2000000</td><td>29817000000</td><td>27000000</td><td>13132000000</td><td>42978000000</td><td>42978000000</td><td>65728000000</td><td>0</td><td>65728000000</td><td>20250000000</td><td>11056000000</td><td>3776000000</td><td>&quot;https://www.sec.gov/Archives/e…</td><td>&quot;https://www.sec.gov/Archives/e…</td></tr><tr><td>&quot;2024-08-31&quot;</td><td>&quot;ACN&quot;</td><td>&quot;USD&quot;</td><td>&quot;0001467373&quot;</td><td>&quot;2024-10-10&quot;</td><td>&quot;2024-10-10 06:43:59&quot;</td><td>&quot;2024&quot;</td><td>&quot;FY&quot;</td><td>5004469000</td><td>5396000</td><td>5009865000</td><td>13664847000</td><td>0</td><td>2183069000</td><td>20857781000</td><td>4278515000</td><td>21120179000</td><td>2904031000</td><td>24024210000</td><td>334664000</td><td>4147496000</td><td>2289697000</td><td>35074582000</td><td>0</td><td>55932363000</td><td>2743807000</td><td>1672431000</td><td>719084000</td><td>5174923000</td><td>8665882000</td><td>18976127000</td><td>2448118000</td><td>641091000</td><td>428845000</td><td>4269934000</td><td>7787988000</td><td>0</td><td>3095692000</td><td>26764115000</td><td>0</td><td>72000</td><td>23082423000</td><td>-1554742000</td><td>6760893000</td><td>28288646000</td><td>29168248000</td><td>55932363000</td><td>879602000</td><td>55932363000</td><td>340060000</td><td>4120549000</td><td>-883920000</td><td>&quot;https://www.sec.gov/Archives/e…</td><td>&quot;https://www.sec.gov/Archives/e…</td></tr></tbody></table></div>"
=======
